time,x,y,z,phi,theta,psi,x_velocity,y_velocity,z_velocity,phi_velocity,theta_velocity,psi_velocity,rotor_speed1,rotor_speed2,rotor_speed3,rotor_speed4
0.06,-2.93009014432e-07,-6.89455874052e-08,10.0022112703,6.2830644662,0.000286616467829,0.0,-2.51961374109e-05,-7.89343043843e-06,0.0737064506645,-0.00638173999808,0.012936628322,0.0,426.86703432966124,427.96928930067,429.8024554278603,429.26138929788647
0.12000000000000001,-1.16602818307e-05,-4.81728306619e-06,10.0108754616,6.28256180026,0.00142436346504,0.0,-0.000459488638452,-0.000197904544295,0.215083020538,-0.0127028619161,0.0288919215953,0.0,448.4970738512547,449.79081315685545,450.81006216837403,450.29921664703556
0.18,-7.5511337782e-05,-3.25346585065e-05,10.0269626997,6.28190275064,0.00295571477372,0.0,-0.0018378912638,-0.000798905936586,0.321133320763,-0.00775111276956,0.0177502344021,0.0,439.3223128414237,438.3978024585135,438.69257049909163,439.1035955594852
0.23999999999999996,-0.000264385880972,-0.000114643365551,10.0535066504,6.28137962734,0.00400560724033,0.0,-0.00458783134532,-0.00199866296471,0.563576173082,-0.0107278186005,0.0169893598716,0.0,480.27795998096803,480.2201594639488,480.0970214814274,479.87127729436264
0.3,-0.000637631204753,-0.000278067393137,10.0928550085,6.28147462844,0.00553220594371,0.0,-0.00800341076134,-0.00347165360865,0.74793219409,0.0188943966787,0.0384952846733,0.0,462.61166378142866,464.30182022606266,461.87848392832575,464.20846967759866
0.36000000000000004,-0.00125754093649,-0.000521345590502,10.1434579085,6.28272393584,0.00812062310879,0.0,-0.0129436779476,-0.0044995757762,0.938692092811,0.0244216582218,0.0511032246885,0.0,465.66783009395994,466.653825755565,464.43165377507376,464.86488098702193
0.4200000000000001,-0.00219697276728,-0.000794965365776,10.2008607259,0.000779682956806,0.011174386554,0.0,-0.0186536022647,-0.00449466187082,0.974702273272,0.0119045090876,0.0504786241518,0.0,416.71526255306316,416.6625065691364,417.899104525448,416.8067538300306
0.48000000000000015,-0.00356949863851,-0.00104515970714,10.2631418978,0.00135744372673,0.0151713399046,0.0,-0.0274801221095,-0.0037763612393,1.10121817848,0.00463909708411,0.0874736339416,0.0,445.4420724028873,448.45976478962405,445.78409596613596,445.18996812311445
0.5400000000000001,-0.00564638637286,-0.00123364123594,10.338055949,0.00212591979944,0.020634424095,0.0,-0.0424458496925,-0.00243363902409,1.39559280805,0.0255141618276,0.0973838233772,0.0,495.83160244209057,496.56501809571193,495.0132057952711,496.5466860243313
0.6000000000000002,-0.00858439978748,-0.00133614150085,10.4221461738,0.00380404744435,0.0260759571655,0.0,-0.0559942994798,-0.000840034137384,1.40738789697,0.0324736876259,0.0719158257202,0.0,410.9148202582102,408.6584920820615,409.9007028630549,410.51893044843115
0.6600000000000003,-0.0125502947522,-0.00129231330903,10.5114867074,0.00601339212002,0.0301363312047,0.0,-0.0766647426316,0.00253275994588,1.57040543742,0.0443438609929,0.0574474641423,0.0,459.06017939994587,457.91401017410845,458.01207071411125,458.95564249338196
0.7200000000000003,-0.017753169316,-0.00101295753074,10.6076201042,0.00877851942448,0.0330194616829,0.0,-0.0970840151907,0.0070407071023,1.63393930828,0.0493580551116,0.0122372367135,0.0,429.0162240120113,425.1617434530897,428.1864552820137,428.6141118762395
0.7800000000000004,-0.0243745170325,-0.000366475952341,10.7119977655,0.0119222244827,0.033922563245,0.0,-0.123714955477,0.0148678793615,1.84499150683,0.0578641127547,0.0201576410872,0.0,471.99850236341257,472.6092041637366,474.3923758186546,475.04660061331884
0.8400000000000004,-0.0325560537762,0.000804469354873,10.8272408474,0.015200575577,0.0351459905889,0.0,-0.149128041392,0.0245311972451,1.99618162788,0.047253960972,0.0208520265318,0.0,456.00918125788985,456.064610582509,456.9438313273009,456.0991714566278
0.9000000000000005,-0.0421766510292,0.00257512967471,10.9483571866,0.0178924485628,0.0363657804523,0.0,-0.171672237656,0.0347492137954,2.04094046363,0.0395989815115,0.0192645364532,0.0,422.22287449546087,422.0859020868333,424.46372319678966,423.8075655255907
0.9600000000000005,-0.0533741041786,0.00510969135274,11.0776406251,0.0197073388125,0.0378955759931,0.0,-0.201726333682,0.0500014790559,2.26807102871,-0.00509919274995,0.0357065331268,0.0,479.4555809483821,480.7031326800919,480.85908641519694,477.46143120792516
1.0200000000000005,-0.0662900527408,0.00852546415691,11.2172220588,0.0192594935904,0.0408471131613,0.0,-0.229071739284,0.0638138170701,2.38439457367,-0.0126718831618,0.0676524534432,0.0,445.5303174918903,448.13586112239807,447.90499220106983,447.2888374329464
1.0800000000000005,-0.0807342889135,0.0126752174085,11.3594130687,0.0184806580202,0.045341716672,0.0,-0.252763034025,0.0744481775867,2.35534864394,-0.0136052535701,0.0864679042006,0.0,399.5280388726895,401.2447789320592,399.52466551986026,399.4396552411822
1.1400000000000006,-0.0968882460277,0.0175327199659,11.5043819077,0.0172298080337,0.0502858810875,0.0,-0.286225392459,0.0873616059599,2.47666194122,-0.0420925961463,0.0726982256225,0.0,449.11583931334474,448.0030440007979,451.0577053450318,448.75118251498657
1.2000000000000006,-0.115213913675,0.0231514732077,11.6578205907,0.0143151743142,0.0550096651913,0.0,-0.325119401694,0.0996269330158,2.63757519274,-0.0665085997769,0.0886625359794,0.0,461.09464538620375,462.3586940063288,463.14277260318715,461.2169429040413
1.2600000000000007,-0.135927383428,0.0294210631014,11.819913184,0.0105843281048,0.0602044981224,0.0,-0.365871726683,0.108946071947,2.76517682093,-0.054692305585,0.0820558180503,0.0,452.47425166490694,451.94810646965743,452.52162931617124,453.46904204124587
1.3200000000000007,-0.159236908261,0.0361784439284,11.9903043911,0.00730606224881,0.0657037568749,0.0,-0.4116654195,0.115937136402,2.91412003,-0.0545289470008,0.106044502095,0.0,458.8009143918996,460.708077301894,459.92534522768335,459.9363984942863
1.3800000000000008,-0.185371004473,0.0432774764006,12.1688759447,0.0038451046836,0.0718226811652,0.0,-0.460110685466,0.120340056379,3.03788935,-0.0648799225905,0.0922875258286,0.0,453.41588405160365,452.3180409686592,453.5707393313953,452.736405824396
1.4400000000000008,-0.214278456988,0.0505532768278,12.3512809355,0.0002864622969,0.0775028441955,0.0,-0.503964949989,0.121860223324,3.04221834625,-0.0500174650509,0.0990487487355,0.0,416.2559742755955,416.8554888186175,413.51306552243057,414.81744679500804
1.5000000000000009,-0.246304996327,0.057858094344,12.5388256525,6.28022001563,0.0830181098593,0.0,-0.564200162216,0.121285738255,3.20874985864,-0.0642330767525,0.0712296655831,0.0,468.7052820976371,466.5445888549708,466.8146970141141,465.7022157608935
1.560000000000001,-0.281850900849,0.0650605538167,12.733812395,6.27641451667,0.0872596645037,0.0,-0.621069487614,0.118416598978,3.29052158031,-0.0618566073466,0.0695967669242,0.0,442.10493313709657,441.9742222414114,441.6950458547301,441.88804195766227
1.620000000000001,-0.32085416547,0.0720187842036,12.9332350582,6.27321011582,0.0915543978978,0.0,-0.679436836401,0.113194310916,3.35664989792,-0.0403624793115,0.075272612159,0.0,437.90420635727077,438.38012132049647,436.06767413519924,437.85747227198146
1.680000000000001,-0.363640255124,0.0785830983502,13.1387087888,6.27085915762,0.0955499228405,0.0,-0.747201665533,0.10536530348,3.49199844145,-0.0369221665118,0.0370996830646,0.0,461.4482000206255,458.4276323157419,459.36172528129885,459.6337509005406
1.740000000000001,-0.410354747763,0.0846561485334,13.3500511452,6.26880526051,0.0975142721173,0.0,-0.810139616722,0.0968678718138,3.55251527849,-0.0293317310405,0.0221601079095,0.0,438.2000941538539,436.95678420452464,436.7112846844816,437.3434696713367
1.8000000000000012,-0.460855298492,0.0901848906063,13.5647443269,6.26690589482,0.0986941443385,0.0,-0.873323742984,0.087253592231,3.60372637607,-0.0367642210091,0.0141374787944,0.0,435.13905216967066,434.4668727940307,435.1120594588486,434.488950658917
1.8600000000000012,-0.515016867563,0.0951246156874,13.7809632191,6.26468789003,0.0994043904988,0.0,-0.932140150381,0.0772116589635,3.60353989094,-0.0373748063793,0.00678720121234,0.0,418.77710881020244,418.13711260997945,418.21884123789124,418.16492513788216
1.9200000000000013,-0.572847186397,0.0993987389265,13.9984327637,6.26248774992,0.0995680539922,0.0,-0.995563461061,0.0650549365583,3.64528260246,-0.0352938080904,-0.00696871251837,0.0,433.04864223355764,431.8898802478234,431.89486674332267,432.0696973494266
1.9800000000000013,-0.634946468407,0.102806567425,14.2230099218,6.26121557923,0.0996406611818,0.0,-1.07434564792,0.0483677818475,3.83995284489,-0.0021679003222,0.0139293260626,0.0,479.2381237527091,480.82402151765115,477.99863964522024,480.51642367265924
2.0400000000000014,-0.70175683397,0.105197162638,14.4590123035,6.26172506291,0.100146577602,0.0,-1.1526955743,0.0313627726554,4.02610981507,0.0240726057931,-0.0058104055377,0.0,478.9810528996133,477.4773047694355,477.78199086216955,479.77848124460843
2.1000000000000014,-0.772842625202,0.106677305652,14.7018420051,6.26310679621,0.100131485501,0.0,-1.21681634366,0.018111886795,4.06804160826,0.0208554442571,0.00903126479582,0.0,434.0179146542529,435.26190609766695,436.65426092058726,436.38582423411026
2.1600000000000015,-0.848543310582,0.107238268914,14.9547533325,6.26464578924,0.100956233811,0.0,-1.30653643329,0.000793870288622,4.36120590945,0.0338340210656,0.0218132623785,0.0,509.8442794141047,510.75661681020983,510.37378999543324,511.2993462857332
2.2200000000000015,-0.929061723015,0.10691080875,15.2193981227,6.26655427644,0.102355799385,0.0,-1.37752501715,-0.0114999834379,4.45985499957,0.0274136049083,0.0261916730593,0.0,456.3887735271832,456.73817323209994,456.2074672667019,455.6948119549655
2.2800000000000016,-1.01377562063,0.105899700519,15.4890088884,6.26851864598,0.104248413921,0.0,-1.44642997965,-0.0220211207067,4.52685034642,0.0416907832917,0.0405319465449,0.0,447.29136180458397,448.4581572205122,446.17094293424196,447.33557939035643
2.3400000000000016,-1.10267352133,0.104298170297,15.7626881037,6.27103686761,0.106799719965,0.0,-1.5170626139,-0.0311137483682,4.5954462959,0.042523580013,0.0462297866269,0.0,449.52078400623185,449.98328216708666,447.22121397616655,447.28998543656155
2.4000000000000017,-1.19565255754,0.102224003392,16.0385057914,6.27341058474,0.109173746437,0.0,-1.58248459481,-0.0378076047966,4.59839850211,0.0328625724163,0.0208986930966,0.0,429.2792995449832,427.1249102984049,428.55271641916517,427.73148294695056
2.4600000000000017,-1.29283599742,0.0997681454827,16.3166572369,6.27512792094,0.110187733334,0.0,-1.65706434125,-0.0438680602393,4.67295526914,0.01840014896,0.00737930402396,0.0,452.51861887406017,451.42881523109173,451.1060037659209,449.93671825282735
2.520000000000002,-1.39465291721,0.0969700254363,16.6005067995,6.27597675868,0.110623133703,0.0,-1.73685020144,-0.0492948822511,4.78816427947,0.00388641733006,0.00701026764415,0.0,464.1119386715829,464.0828551949417,465.44668333158444,464.3091787619456
2.580000000000002,-1.50075388203,0.0938946357691,16.8866024109,6.27653516707,0.11127810196,0.0,-1.7999395277,-0.0531854407098,4.74848434945,0.0183938279608,0.0177641315834,0.0,415.6120604113163,416.5535703800041,415.4397664886171,416.70997389175335
2.640000000000002,-1.61061798841,0.0905999816982,17.1699483156,6.27792550175,0.112203427505,0.0,-1.86232965244,-0.0565372796119,4.69655210365,0.0313329317992,0.0102702650696,0.0,411.53724417372484,410.8732146506523,411.4798669399905,412.62400152950636
2.700000000000002,-1.7247848938,0.0871061845808,17.4549547606,6.28053848786,0.112389861914,0.0,-1.94326157505,-0.0596817519337,4.80315984012,0.0607612555733,-0.0177736880344,0.0,463.02782192401986,460.8160202240084,461.64041408264666,463.9578760441079
2.760000000000002,-1.84373084618,0.0834853816972,17.7456308539,0.000681210148944,0.111338211673,0.0,-2.0214961047,-0.0606618915089,4.88566219959,0.041928139716,-0.017039655733,0.0,455.49689144856484,455.5556788864053,457.1699436569028,455.66859641758725
2.820000000000002,-1.96720125341,0.0798671001772,18.0398461538,0.00334566739606,0.110773462536,0.0,-2.09413563764,-0.0597081840057,4.92133041904,0.048953836801,0.00262075839872,0.0,440.9247668448462,442.54635350984495,442.1374153298358,442.7170796625171
2.880000000000002,-2.09529628855,0.0763670217431,18.3385809618,0.00572729578852,0.110784331786,0.0,-2.17568884156,-0.0566702603271,5.03593718246,0.0052976254063,-0.00520943421772,0.0,466.60098520590356,465.98921125760296,469.31500476997115,465.91434358695585
2.940000000000002,-2.22830411949,0.0730892832518,18.6443016944,0.00601139091614,0.110534681448,0.0,-2.25785703963,-0.0525594772078,5.15417139036,0.00358499962082,-0.00214193733146,0.0,469.31762794321526,469.5557683272931,468.9783017979441,468.8451528220286
3.000000000000002,-2.36613562743,0.0700581616176,18.9561140438,0.00656876368561,0.110515162589,0.0,-2.33651759778,-0.0484401181017,5.239131566,0.018775826772,0.00308092105995,0.0,460.1184647823056,460.5318357282909,459.6156503395981,460.8181044973263
3.0600000000000023,-2.50832439758,0.0672657605999,19.2696640735,0.00772067860447,0.110188172705,0.0,-2.40317012284,-0.0445445172734,5.21261986229,0.0200308992741,-0.0339209833422,0.0,426.8036776668186,423.6332914256747,426.19795501713725,426.30520297572315
3.1200000000000023,-2.65463208104,0.0647356737548,19.5827229284,0.00916690345516,0.1087511193,0.0,-2.47365301965,-0.0396739181635,5.22261696022,0.03120757781,-0.00913321867701,0.0,436.0930282210928,438.1588321476143,437.2917800686493,438.2220621973453
3.1800000000000024,-2.80545209939,0.0625512759937,19.8990710584,0.0108058930703,0.108475957426,0.0,-2.55363883204,-0.0329640987947,5.32180843201,0.0181048944999,0.00323417529709,0.0,464.8431807439643,465.8115559832728,466.07779246261117,465.05259034045656
3.2400000000000024,-2.9608866139,0.0607816151369,20.2196040445,0.0124684719868,0.108543616975,0.0,-2.62755241471,-0.0258947918042,5.3623795349,0.0421135064295,-0.00345907385811,0.0,448.786467008178,448.24274999746734,447.3660363882967,449.3172004341964
3.3000000000000025,-3.12083562372,0.0594809096428,20.543197456,0.015739624676,0.107872238153,0.0,-2.70406874203,-0.0171806523448,5.42372571164,0.0719198336088,-0.0348747351466,0.0,456.29774154686294,453.78246645405954,454.5944944181565,456.9787946307967
3.3600000000000025,-3.28535387942,0.0587705331811,20.8703362103,0.0204947468379,0.106074714819,0.0,-2.77972441251,-0.00606757457033,5.48060705023,0.0909051422469,-0.0215973282635,0.0,453.9943316793049,455.05830780964413,454.1145819793861,455.6399583088582
3.4200000000000026,-3.45443322367,0.05883099131,21.2012606372,0.0263460116682,0.105423684518,0.0,-2.85618989429,0.0086269429561,5.5498240173,0.108239973769,0.00482500571579,0.0,457.73306046721774,459.8314083271252,458.7962939592249,460.17846353010316
3.4800000000000026,-3.6278905197,0.0598358976997,21.5343063358,0.0324803696853,0.105468140297,0.0,-2.92579272467,0.0254231256259,5.55162893515,0.0862028271127,-0.00902684696304,0.0,439.1908470069597,438.04022619476876,439.8759229791524,438.055822724354
3.5400000000000027,-3.80542983482,0.0619193911691,21.8664616494,0.03734085466,0.104886607049,0.0,-2.99221970293,0.0444469971337,5.52032865892,0.0678057950255,-0.0110573336256,0.0,428.0555183865264,427.8827764888811,429.10840980096253,427.54897304281576
3.6000000000000028,-3.98678430908,0.0651588155414,22.1950742445,0.0414409853925,0.104811362081,0.0,-3.05301686359,0.063853083627,5.43381206247,0.0693739116085,0.0133776439297,0.0,407.93067075499005,410.1073361840012,409.4847437249992,409.6281998756746
3.660000000000003,-4.1727083954,0.0699869803069,22.5270753814,0.0456078852288,0.106169537229,0.0,-3.14453493739,0.0975248560342,5.63179125669,0.0695966787426,0.0366419173399,0.0,496.8889340502218,498.59175229243306,496.49779489378824,496.5172475675723
3.720000000000003,-4.3638155087,0.0767787005796,22.8676021348,0.0493317654258,0.10857883377,0.0,-3.22593536054,0.129242481817,5.71852004947,0.0394215320905,0.0463877987786,0.0,466.0789029608381,466.8408538474499,468.177937652962,465.82617641002406
3.780000000000003,-4.5599737792,0.0855896692991,23.2142739594,0.0520709704866,0.111447764315,0.0,-3.31294910716,0.164688718003,5.83643521866,0.0558615935866,0.0505272379734,0.0,477.4504989273751,477.76747784357303,476.25387560223055,477.51091279324896
3.840000000000003,-4.7608063144,0.0962981997522,23.5625021955,0.055240320774,0.114326371468,0.0,-3.38178808122,0.192528147999,5.77137851908,0.0459238335178,0.0423158185173,0.0,421.790342959655,421.08194762054853,421.56233958348173,420.70452044069833
3.900000000000003,-4.96652372706,0.109062718877,23.9128618721,0.0583927515031,0.116718202593,0.0,-3.47569600542,0.233227235513,5.90639440335,0.0632640184356,0.0344450012756,0.0,483.57529555944956,482.9825926545667,482.9388352422783,484.24673526155397
3.960000000000003,-5.17750139167,0.124120722343,24.2675838024,0.0623405096607,0.119370888895,0.0,-3.55715932839,0.269039390403,5.91745397616,0.0704296447313,0.0587976154119,0.0,446.2848644402345,448.26963290995974,447.4881001585562,448.0743051450856
4.020000000000002,-5.39376193715,0.141571473145,24.6256806771,0.0662422844523,0.122676579926,0.0,-3.65186114318,0.313024062767,6.01834506797,0.0511322792207,0.0464147229028,0.0,476.88401004351147,475.93880259001526,475.51375079073983,474.03560657332804
4.080000000000001,-5.61571377975,0.161698943188,24.9892442738,0.0689024820448,0.125104851531,0.0,-3.74680180414,0.358140232995,6.09979852603,0.0251050174837,0.0246346874538,0.0,471.27185584163686,469.5857079225128,473.1292888834799,471.121652586124
4.14,-5.84265179692,0.184157975102,25.3515820555,0.0705760951936,0.126410336928,0.0,-3.81806075095,0.390644454063,5.97868303705,0.0329561324901,0.0152755925642,0.0,407.34154442566495,406.50356489049693,407.0719092209022,407.77432841330864
4.199999999999998,-6.07450776562,0.208929344536,25.7114006931,0.0722551541028,0.127381366282,0.0,-3.91061880985,0.435216560089,6.01493461841,0.0155043224142,0.0179409960346,0.0,458.37900813971896,458.59072168518895,457.439332722612,456.04735688122815
4.259999999999997,-6.31178374703,0.236305098386,26.0720435579,0.0731402032319,0.12900651526,0.0,-3.99879163724,0.477380009802,6.00640029914,0.0131996031097,0.0409584027349,0.0,443.44952475315694,445.33686420224006,444.1539609869893,443.9647502090818
4.319999999999996,-6.55442665509,0.266239084481,26.4323567788,0.0739960524646,0.131341194064,0.0,-4.08959382145,0.520478755813,6.00387720449,0.0163124417913,0.0344670751178,0.0,446.43533523788204,445.90597525438915,446.47117900789516,446.72502586233776
4.379999999999995,-6.80249552741,0.29872817928,26.791893213,0.075165256107,0.133310627075,0.0,-4.1796417242,0.562577798076,5.98063071035,0.0251796188458,0.0293171665915,0.0,439.20813241704826,438.7811253562501,440.8039253599871,441.53621746187764
4.439999999999993,-7.05583541257,0.333659121957,27.14864236,0.0766458516989,0.135837102116,0.0,-4.26533344408,0.601916886976,5.91121818175,0.0236512049939,0.0598932902785,0.0,423.96539250909115,426.585990080236,424.80866730161074,424.67767391169457
4.499999999999992,-7.31485089644,0.371234937758,27.5046221355,0.0784060775781,0.13899256229,0.0,-4.36888317448,0.650721948873,5.95428901928,0.0387959259853,0.0310699777711,0.0,462.5279078975469,460.2533602354756,459.47925418534294,460.67882323486305
4.559999999999991,-7.58022521384,0.411813237589,27.8636701787,0.0806973762833,0.14043380747,0.0,-4.47714667676,0.702065847619,6.01344040454,0.0369448274197,0.00366587514465,0.0,467.3541640514677,465.2128849884415,467.0199804337936,466.87617016330006
4.6199999999999894,-7.85267532429,0.45581981429,28.2300033938,0.0829625897531,0.140860923771,0.0,-4.60453278051,0.764974169354,6.19643282771,0.0393234997328,0.0132576534113,0.0,503.3626099719179,504.05628830842403,504.1031482521397,504.27552970611447
4.679999999999988,-8.13206211432,0.503214890553,28.6020617846,0.0857306159861,0.14171814091,0.0,-4.70854745459,0.815069309047,6.20527732371,0.0571133511361,0.0162698769116,0.0,454.6323336010879,454.8735644179549,453.89505082071753,455.3220283205182
4.739999999999987,-8.41806815528,0.553868414318,28.9769645539,0.0891210006456,0.143058778644,0.0,-4.82515226281,0.873657212319,6.29074833736,0.0552645439831,0.0323392642635,0.0,477.4351237390797,478.65986989147586,479.19517698121166,479.0565064042668
4.799999999999986,-8.71034658439,0.607617666954,29.351576892,0.0922046783097,0.145690866282,0.0,-4.91782759444,0.918246598346,6.19664878524,0.0422454643281,0.0603720089199,0.0,422.11593806486565,424.5299348724556,424.0259304304274,422.907503384806
4.859999999999984,-9.00860532533,0.664303797825,29.7228903431,0.094208178682,0.149442487268,0.0,-5.02455493161,0.971470712039,6.18025198792,0.00257161396472,0.0665201453747,0.0,447.6921229021099,448.194998548549,450.0944063500912,446.8715285550118
4.919999999999983,-9.31367184099,0.724401008925,30.0952522153,0.0945612954041,0.153942498874,0.0,-5.14478160495,1.03172488903,6.23116534222,0.0118027845594,0.088079045338,0.0,469.40847190200515,471.0828388854589,468.6148127389404,469.3319119544068
4.979999999999982,-9.62580971327,0.787962023494,30.4689983301,0.0956471650664,0.159259439174,0.0,-5.2603602887,1.08701206386,6.22667297504,0.028393505058,0.0896671719458,0.0,453.7334704412691,453.8673373599089,453.2397930715582,454.571518137871
5.0399999999999805,-9.94486736525,0.854780584703,30.8416215948,0.0988944140802,0.164304407853,0.0,-5.37544764232,1.14046949734,6.1938809654,0.0817975578593,0.0695503445426,0.0,446.40457844268514,444.76518150313865,443.53530116746595,447.9024718233119
