episode,reward
1,4.0
2,-1.0
3,7.0
4,1.0
5,-3.0
6,-1.0
7,-3.0
8,-1.0
9,13.0
10,-1.0
11,-1.0
12,-3.0
13,-1.0
14,-1.0
15,-3.0
16,-1.0
17,-1.0
18,-1.0
19,-1.0
20,-1.0
21,-1.0
22,-1.0
23,-1.0
24,-1.0
25,-1.0
26,-1.0
27,2.0
28,2.0
29,2.0
30,2.0
31,2.0
32,2.0
33,2.0
34,2.0
35,-1.0
36,-4.0
37,-4.0
38,2.0
39,2.0
40,2.0
41,2.0
42,2.0
43,2.0
44,2.0
45,2.0
46,2.0
47,2.0
48,2.0
49,2.0
50,2.0
51,2.0
52,2.0
53,2.0
54,2.0
55,2.0
56,2.0
57,2.0
58,2.0
59,2.0
60,2.0
61,2.0
62,2.0
63,2.0
64,2.0
65,2.0
66,2.0
67,2.0
68,2.0
69,2.0
70,2.0
71,2.0
72,1.99999999559
73,2.0
74,2.0
75,2.0
76,2.0
77,2.0
78,2.0
79,2.0
80,2.0
81,2.0
82,2.0
83,2.0
84,2.0
85,2.0
86,2.0
87,2.0
88,2.0
89,2.0
90,0.0
91,0.0
92,0.3466419794
93,2.0
94,2.0
95,2.0
96,2.0
97,7.0
98,7.0
99,7.0
100,0.0
101,0.0
102,0.0
103,0.0
104,0.0
105,0.0
106,0.0
107,-3.0
108,6.0
109,3.0
110,5.0
111,-6.0
112,-3.0
113,-3.0
114,-3.0
115,-3.0
116,-6.0
117,-9.0
118,-2.0
119,1.0
120,-5.0
121,-2.0
122,-2.0
123,-2.0
124,-12.0
125,-12.0
126,-9.0
127,-9.0
128,-9.0
129,-9.0
130,-2.0
131,-2.0
132,-2.0
133,-2.0
134,-2.0
135,-2.0
136,-2.0
137,-2.0
138,-2.0
139,-2.0
140,-2.0
141,-2.0
142,-2.0
143,-2.0
144,-2.0
145,-18.0
146,-16.0
147,-16.0
148,0.0
149,0.0
150,4.0
151,13.0
152,6.0
153,3.0
154,6.0
155,6.0
156,4.0
157,4.0
158,2.0
159,2.0
160,2.0
161,2.0
162,2.0
163,2.0
164,2.0
165,2.0
166,2.0
167,2.0
168,2.0
169,2.0
170,2.0
171,2.0
172,2.0
173,2.0
174,2.0
175,2.0
176,2.0
177,2.0
178,2.0
179,2.0
180,2.0
181,-1.0
182,5.0
183,5.0
184,5.0
185,-1.0
186,-1.0
187,-1.0
188,1.0
189,1.0
190,1.0
191,1.0
192,1.0
193,-5.99999999984
194,-1.0
195,-1.0
196,-1.0
197,-1.0
198,-1.0
199,-1.0
200,1.0
201,1.0
202,1.0
203,1.0
204,1.0
205,1.0
206,1.0
207,1.0
208,1.0
209,1.0
210,1.0
211,1.0
212,1.0
213,1.0
214,1.0
215,1.0
216,1.0
217,1.0
218,1.0
219,1.0
220,1.0
221,1.0
222,1.0
223,1.0
224,1.0
225,1.0
226,1.0
227,1.0
228,1.0
229,1.0
230,1.0
231,3.0
232,3.0
233,1.0
234,1.0
235,1.0
236,1.0
237,1.0
238,2.0
239,3.0
240,0.0
241,1.0
242,3.0
243,3.0
244,3.0
245,3.0
246,3.0
247,1.0
248,1.0
249,1.0
250,1.0
251,1.0
252,1.0
253,3.0
254,1.0
255,-1.0
256,-1.0
257,-1.0
258,2.0
259,0.0
260,0.0
261,0.0
262,0.0
263,0.0
264,-2.0
265,-2.0
266,0.0
267,0.0
268,0.0
269,0.0
270,0.0
271,0.0
272,0.0
273,0.0
274,0.0
275,0.0
276,0.0
277,0.0
278,0.0
279,0.0
280,-2.0
281,-2.0
282,1.0
283,1.0
284,1.0
285,1.0
286,0.0
287,-2.0
288,-2.0
289,-2.0
290,-2.0
291,-2.0
292,-2.0
293,-2.0
294,0.0
295,-2.0
296,-2.0
297,0.0
298,0.0
299,0.0
300,0.0
301,0.0
302,0.0
303,0.0
304,0.0
305,0.0
306,0.0
307,1.0
308,1.0
309,1.0
310,1.0
311,1.0
312,-1.0
313,-1.0
314,-1.0
315,-1.0
316,-1.0
317,-1.0
318,-1.0
319,-1.0
320,-1.0
321,-1.0
322,-1.0
323,-1.0
324,-1.0
325,-1.0
326,1.0
327,1.0
328,1.0
329,1.0
330,1.0
331,-1.0
332,-1.0
333,-0.999931298298
334,-0.923225802869
335,1.0
336,1.0
337,1.0
338,1.0
339,1.0
340,1.0
341,1.0
342,1.0
343,1.0
344,1.0
345,1.0
346,1.0
347,1.0
348,1.0
349,1.0
350,1.0
351,1.0
352,1.0
353,2.0
354,2.0
355,2.0
356,1.0
357,1.0
358,1.0
359,1.0
360,3.0
361,1.0
362,3.0
363,3.0
364,3.0
365,1.0
366,1.0
367,-1.0
368,-1.0
369,-1.0
370,-1.0
371,-1.0
372,-1.0
373,-1.0
374,-1.0
375,-1.0
376,-1.0
377,-1.0
378,-1.0
379,1.0
380,1.0
381,1.0
382,1.0
383,1.0
384,1.0
385,3.0
386,1.0
387,3.0
388,3.0
389,3.0
390,3.0
391,3.0
392,3.0
393,3.0
394,3.0
395,3.0
396,3.0
397,3.0
398,1.0
399,1.0
400,1.0
401,3.0
402,3.0
403,3.0
404,3.0
405,0.0
406,0.0
407,3.0
408,0.0
409,0.0
410,0.0
411,0.0
412,0.0
413,0.0
414,2.0
415,2.0
416,4.0
417,4.0
418,4.0
419,4.0
420,3.0
421,3.0
422,1.0
423,1.0
424,3.0
425,3.0
426,3.0
427,3.0
428,3.0
429,3.0
430,3.0
431,3.0
432,3.0
433,3.0
434,3.0
435,3.0
436,3.0
437,3.0
438,-1.0
439,-1.0
440,1.0
441,1.0
442,1.0
443,-2.0
444,-2.0
445,-2.0
446,-2.0
447,-2.0
448,-2.0
449,-2.0
450,-2.0
451,-2.0
452,-2.0
453,-2.0
454,-2.0
455,-2.0
456,-2.0
457,-2.0
458,-2.0
459,-2.0
460,-2.0
461,-2.0
462,-2.0
463,-2.0
464,-2.0
465,-2.0
466,0.0
467,0.0
468,-2.0
469,-1.0
470,1.0
471,-1.0
472,-1.0
473,1.0
474,1.0
475,-1.0
476,1.0
477,-1.0
478,-4.0
479,-2.0
480,0.0
481,2.0
482,2.0
483,2.0
484,-2.0
485,2.0
486,0.0
487,0.0
488,2.0
489,0.0
490,0.0
491,2.0
492,2.0
493,2.0
494,0.0
495,2.0
496,0.0
497,0.0
498,0.0
499,0.0
500,0.0
501,0.0
502,0.0
503,0.0
504,0.0
505,2.0
506,2.0
507,2.0
508,0.0
509,0.0
510,0.0
511,0.0
512,0.0
513,0.0
514,0.0
515,0.0
516,0.0
517,0.0
518,0.0
519,0.0
520,0.0
521,0.0
522,0.0
523,0.0
524,0.0
525,0.0
526,0.0
527,0.0
528,0.0
529,0.0
530,0.0
531,0.0
532,7.0
533,-2.0
534,-2.0
535,-1.0
536,-1.0
537,-1.0
538,-1.0
539,-1.0
540,-4.0
541,-1.0
542,-4.0
543,-4.0
544,-2.0
545,-4.0
546,-2.0
547,-4.0
548,-2.0
549,-1.0
550,5.0
551,1.0
552,-1.0
553,2.0
554,1.0
555,3.0
556,3.0
557,0.0
558,-3.0
559,-2.0
560,-2.0
561,-2.0
562,-2.0
563,-2.0
564,-2.0
565,0.0
566,1.0
567,5.0
568,3.0
569,3.0
570,3.0
571,3.0
572,3.0
573,3.0
574,3.0
575,1.0
576,4.0
577,-4.0
578,-2.0
579,2.0
580,-3.0
581,-3.0
582,-3.0
583,-3.0
584,-3.0
585,-3.0
586,-3.0
587,-3.0
588,-3.0
589,-3.0
590,-3.0
591,-3.0
592,-3.0
593,-3.0
594,-3.0
595,-3.0
596,-3.0
597,-3.0
598,-3.0
599,-3.0
600,-3.0
601,-3.0
602,-3.0
603,-3.0
604,-3.0
605,-1.0
606,-3.0
607,-3.0
608,-2.0
609,-2.0
610,-2.0
611,-5.0
612,-8.0
613,-6.0
614,-4.0
615,2.0
616,-6.0
617,-1.0
618,-7.0
619,-7.0
620,-1.0
621,0.0
622,2.0
623,0.0
624,2.0
625,4.0
626,4.0
627,2.0
628,2.0
629,-2.0
630,4.0
631,2.0
632,1.0
633,1.0
634,1.0
635,1.0
636,-5.0
637,1.0
638,-5.0
639,-5.0
640,1.0
641,1.0
642,1.0
643,-5.0
644,-5.0
645,-5.0
646,2.0
647,2.0
648,0.0
649,2.0
650,0.0
651,2.0
652,-5.0
653,4.0
654,2.0
655,4.0
656,-2.0
657,-2.0
658,-2.0
659,-2.0
660,-5.0
661,-2.0
662,-5.0
663,2.0
664,-2.0
665,2.0
666,-1.0
667,-4.0
668,-4.0
669,-4.0
670,-5.0
671,-3.0
672,-1.0
673,-1.0
674,-2.0
675,-3.0
676,-3.0
677,-5.0
678,-2.0
679,-3.0
680,-1.0
681,1.0
682,1.0
683,1.0
684,1.0
685,1.0
686,-3.0
687,-5.0
688,-23.0
689,3.0
690,-4.0
691,-2.0
692,0.0
693,-2.0
694,-2.0
695,-2.0
696,-2.0
697,-2.0
698,-2.0
699,-2.0
700,-2.0
701,-2.0
702,-2.0
703,-2.0
704,-4.0
705,0.0
706,0.0
707,-3.0
708,0.0
709,0.0
710,-2.0
711,-3.0
712,-3.0
713,0.0
714,-3.0
715,2.0
716,1.0
717,-1.0
718,-1.0
719,-3.0
720,-3.0
721,-5.0
722,-3.0
723,-1.0
724,-3.0
725,-3.0
726,-3.0
727,-5.0
728,-2.0
729,-2.0
730,-2.0
731,-2.0
732,-2.0
733,-22.0
734,3.0
735,-1.0
736,-18.0
737,3.0
738,5.0
739,1.0
740,1.0
741,3.0
742,-1.0
743,2.0
744,1.0
745,1.0
746,-1.0
747,-5.0
748,-9.0
749,-7.0
750,-9.0
751,1.0
752,-2.0
753,0.0
754,-4.0
755,-10.0
756,1.0
757,-2.0
758,3.0
759,-10.0
760,-9.0
761,-1.68190794625e-10
762,1.0
763,-39.0
764,1.0
765,-9.0
766,1.0
767,1.0
768,0.0
769,1.0
770,0.0
771,-6.0
772,-7.0
773,-37.0
774,1.0
775,1.0
776,36.0
777,-5.0
778,-2.0
779,-2.0
780,4.82422673653
781,-2.0
782,-4.0
783,-17.0000000031
784,0.0
785,-2.0
786,-2.0
787,0.0
788,1.0
789,-2.0
790,0.0
791,-23.0
792,0.0
793,1.0
794,-2.0
795,1.0
796,1.0
797,-9.0
798,4.0
799,-7.0034385272
800,-2.0
801,-2.0
802,-1.0
803,4.0
804,0.0
805,0.0
806,0.0
807,0.0
808,0.0
809,0.0
810,0.0
811,0.0
812,0.0
813,0.0
814,0.0
815,0.0
816,0.0
817,0.0
818,0.0
819,0.0
820,0.0
821,0.0
822,0.0
823,0.0
824,0.0
825,0.0
826,0.0
827,0.0
828,0.0
829,0.0
830,0.0
831,0.0
832,0.0
833,0.0
834,0.0
835,0.0
836,0.0
837,0.0
838,0.0
839,0.0
840,0.0
841,0.0
842,0.0
843,0.0
844,0.0
845,2.0
846,0.0
847,0.0
848,0.0
849,0.0
850,0.0
851,0.0
852,0.0
853,0.0
854,0.0
855,0.0
856,0.0
857,0.0
858,0.0
859,0.0
860,0.0
861,0.0
862,0.0
863,0.0
864,0.0
865,0.0
866,0.0
867,0.0
868,0.0
869,0.0
870,0.0
871,0.0
872,0.0
873,0.0
874,0.0
875,0.0
876,0.0
877,0.0
878,0.0
879,0.0
880,0.0
881,0.0
882,0.0
883,0.0
884,0.0
885,0.0
886,-2.0
887,-2.0
888,-2.0
889,-2.0
890,-2.0
891,-2.0
892,-2.0
893,-2.0
894,-2.0
895,-2.0
896,-2.0
897,-2.0
898,-2.0
899,-2.0
900,-2.0
901,-2.0
902,-2.0
903,-2.0
904,-2.0
905,-2.0
906,-2.0
907,-2.0
908,-2.0
909,-2.0
910,-2.0
911,-2.0
912,-2.0
913,-2.0
914,-2.0
915,-2.0
916,-2.0
917,-2.0
918,-2.0
919,-2.0
920,-2.0
921,-2.0
922,-2.0
923,-2.0
924,-2.0
925,-2.0
926,-2.0
927,-2.0
928,-2.0
929,-2.0
930,-2.0
931,-2.0
932,-2.0
933,-2.0
934,-2.0
935,-2.0
936,-2.0
937,-2.0
938,-2.0
939,-2.0
940,-2.0
941,-2.0
942,-2.0
943,-5.0
944,-2.0
945,2.0
946,2.0
947,-1.0
948,2.0
949,2.0
950,2.0
951,2.0
952,0.0
953,2.0
954,2.0
955,2.0
956,2.0
957,2.0
958,4.0
959,2.0
960,4.0
961,2.0
962,-1.0
963,2.0
964,2.0
965,2.0
966,2.0
967,2.0
968,2.0
969,4.0
970,2.0
971,4.0
972,4.0
973,-1.0
974,4.0
975,-1.0
976,2.0
977,4.0
978,2.0
979,2.0
980,4.0
981,2.0
982,0.0
983,2.0
984,2.0
985,1.0
986,0.0
987,2.0
988,2.0
989,2.0
990,2.0
991,2.0
992,2.0
993,2.0
994,2.0
995,1.0
996,2.0
997,2.0
998,2.0
999,2.0
1000,2.0
1001,0.0
1002,2.0
1003,2.0
1004,4.0
1005,2.0
1006,4.0
1007,2.0
1008,2.0
1009,2.0
1010,2.0
1011,2.0
1012,0.0
1013,0.0
1014,2.0
1015,4.0
1016,-1.0
1017,2.0
1018,2.0
1019,2.0
1020,2.0
1021,2.0
1022,4.0
1023,0.0
1024,2.0
1025,2.0
1026,2.0
1027,2.0
1028,2.0
1029,2.0
1030,2.0
1031,2.0
1032,2.0
1033,2.0
1034,2.0
1035,2.0
1036,2.0
1037,0.0
1038,2.0
1039,2.0
1040,4.0
1041,2.0
1042,4.0
1043,2.0
1044,4.0
1045,2.0
1046,2.0
1047,2.0
1048,2.0
1049,2.0
1050,2.0
1051,0.0
1052,2.0
1053,1.0
1054,2.0
1055,2.0
1056,2.0
1057,2.0
1058,-1.0
1059,2.0
1060,2.0
1061,2.0
1062,2.0
1063,2.0
1064,2.0
1065,0.0
1066,2.0
1067,-2.0
1068,2.0
1069,4.0
1070,2.0
1071,4.0
1072,4.0
1073,2.0
1074,2.0
1075,2.0
1076,4.0
1077,0.0
1078,2.0
1079,0.0
1080,2.0
1081,2.0
1082,2.0
1083,2.0
1084,2.0
1085,0.0
1086,2.0
1087,0.0
1088,-1.0
1089,2.0
1090,2.0
1091,-1.0
1092,2.0
1093,2.0
1094,2.0
1095,0.0
1096,2.0
1097,2.0
1098,2.0
1099,2.0
1100,2.0
1101,-1.0
1102,2.0
1103,4.0
1104,2.0
1105,2.0
1106,-1.0
1107,4.0
1108,2.0
1109,2.0
1110,2.0
1111,2.0
1112,-1.0
1113,4.0
1114,4.0
1115,2.0
1116,4.0
1117,4.0
1118,0.0
1119,0.0
1120,2.0
1121,2.0
1122,0.0
1123,2.0
1124,2.0
1125,4.0
1126,2.0
1127,4.0
1128,0.0
1129,2.0
1130,2.0
1131,-2.0
1132,4.0
1133,2.0
1134,0.0
1135,2.0
1136,2.0
1137,2.0
1138,0.0
1139,-1.0
1140,-1.0
1141,2.0
1142,2.0
1143,2.0
1144,4.0
1145,2.0
1146,2.0
1147,2.0
1148,2.0
1149,4.0
1150,4.0
1151,2.0
1152,2.0
1153,1.0
1154,2.0
1155,1.0
1156,-1.0
1157,0.0
1158,2.0
1159,2.0
1160,2.0
1161,-1.0
1162,4.0
1163,-3.0
1164,0.0
1165,2.0
1166,1.0
1167,2.0
1168,2.0
1169,4.0
1170,2.0
1171,0.0
1172,2.0
1173,2.0
1174,1.0
1175,4.0
1176,2.0
1177,4.0
1178,2.0
1179,2.0
1180,0.0
1181,4.0
1182,2.0
1183,2.0
1184,-1.0
1185,2.0
1186,2.0
1187,2.0
1188,2.0
1189,2.0
1190,2.34191449695
1191,-1.0
1192,0.0
1193,2.0
1194,4.0
1195,2.0
1196,4.0
1197,4.0
1198,2.0
1199,2.0
1200,0.0
1201,4.0
1202,2.0105712961
1203,2.0
1204,2.0
1205,0.0
1206,4.0
1207,4.0
1208,2.0
1209,0.0
1210,2.0
1211,2.0
1212,0.0
1213,4.0
1214,4.0
1215,2.0
1216,0.0
1217,4.0
1218,2.0
1219,4.0
1220,-2.0
1221,2.0
1222,2.0
1223,4.0
1224,0.0
1225,2.0
1226,0.0
1227,0.0
1228,4.0
1229,2.0
1230,2.0
1231,4.0
1232,4.0
1233,2.0
1234,2.0
1235,2.0
1236,2.0
1237,2.0
1238,2.0
1239,2.0
1240,2.0
1241,2.0
1242,2.0
1243,0.0
1244,-1.0
1245,2.0
1246,2.0
1247,0.0
1248,4.0
1249,2.0
1250,2.0
1251,2.0
1252,2.0
1253,4.0
1254,2.0
1255,2.0
1256,1.99996877043
1257,2.0
1258,4.0
1259,2.0
1260,2.0
1261,2.00273419769
1262,2.0
1263,2.0
1264,2.0
1265,2.0
1266,2.0
1267,2.00000117221
1268,2.0
1269,4.0
1270,4.0
1271,2.0
1272,4.0
1273,2.0
1274,2.0
1275,2.0
1276,3.99999998876
1277,0.0
1278,4.0
1279,4.0
1280,0.0
1281,2.0
1282,2.0
1283,2.0
1284,2.0
1285,2.0
1286,4.0
1287,4.0
1288,2.0
1289,2.0
1290,0.0
1291,2.0
1292,4.0
1293,2.0
1294,2.0
1295,2.0
1296,-1.0
1297,4.0
1298,1.0
1299,2.0
1300,2.0
1301,0.0
1302,2.0
1303,0.0
1304,-1.0
1305,2.0
1306,2.0
1307,0.0
1308,2.0
1309,4.0
1310,4.0
1311,2.0
1312,2.0
1313,-1.0
1314,2.0
1315,-1.0
1316,2.0
1317,2.0
1318,3.99999999722
1319,2.0
1320,4.0
1321,4.0
1322,2.0
1323,2.0
1324,0.999999996543
1325,2.0
1326,-3.0
1327,2.0
1328,2.00000000196
1329,-3.0
1330,2.0
1331,2.0
1332,4.0
1333,2.0
1334,4.0
1335,2.0
1336,2.0
1337,2.0
1338,-1.0
1339,2.0
1340,0.0
1341,2.0
1342,2.0
1343,2.0
1344,0.0
1345,2.00000246374
1346,2.0
1347,4.0
1348,2.0
1349,2.0
1350,2.0
1351,2.0
1352,2.0
1353,2.0
1354,2.0
1355,0.0
1356,2.0
1357,0.0
1358,2.0
1359,2.0
1360,2.0
1361,2.0
1362,2.0
1363,2.0
1364,2.0
1365,0.0
1366,4.0
1367,2.0
1368,2.0
1369,2.0
1370,0.0
1371,2.0
1372,2.0
1373,0.0
1374,4.0
1375,-2.0
1376,2.0
1377,2.0
1378,-1.0
1379,2.0
1380,2.0
1381,2.0
1382,2.0
1383,2.0
1384,2.0
1385,0.0
1386,2.0
1387,-2.0
1388,4.0
1389,2.0
1390,2.0
1391,2.0
1392,1.25132018703
1393,2.0
1394,0.0
1395,4.0
1396,4.0
1397,2.0
1398,2.0
1399,2.0
1400,2.0
1401,2.0
1402,2.0
1403,2.0
1404,2.0
1405,2.0
1406,4.0
1407,2.0
1408,4.0
1409,2.0
1410,2.0
1411,2.0
1412,2.0
1413,2.0
1414,4.0
1415,2.0
1416,2.0
1417,2.0
1418,-1.0
1419,2.0
1420,0.0
1421,2.0
1422,2.0
1423,2.0
1424,2.0
1425,2.0
1426,2.0
1427,2.0
1428,2.0
1429,3.18886734984
1430,2.0
1431,1.0
1432,2.0
1433,2.0
1434,2.0
1435,4.0
1436,2.0
1437,4.0
1438,2.0
1439,-1.0
1440,0.0
1441,2.0
1442,2.0
1443,2.0
1444,2.0
1445,4.0
1446,2.0
1447,2.0
1448,2.0
1449,2.0
1450,4.0
1451,2.0
1452,2.0
1453,2.0
1454,2.0
1455,4.0
1456,2.0
1457,2.0
1458,0.0
1459,2.0
1460,2.0
1461,2.0
1462,2.0
1463,2.0
1464,2.0
1465,4.0
1466,0.0
1467,2.00000000037
1468,-1.0
1469,2.0
1470,0.0
1471,2.0
1472,2.0
1473,2.0
1474,2.0
1475,4.0
1476,2.0
1477,4.0
1478,2.0
1479,2.0
1480,2.0
1481,2.0
1482,-2.0
1483,0.0
1484,4.0
1485,-1.0
1486,2.0
1487,2.0
1488,2.0
1489,4.0
1490,0.0
1491,2.0
1492,4.0
1493,2.0
1494,2.0
1495,2.0
1496,2.0
1497,4.0
1498,0.0
1499,-1.0
1500,2.0
